{
 "cells": [
  {
   "attachments": {},
   "cell_type": "markdown",
   "metadata": {},
   "source": [
    "# Project 1 - EDA \n",
    "#### Mason Reyher, Jamison Cleveland, Kade Aldrich, Mitch Froelich, Ryley Ourada"
   ]
  },
  {
   "attachments": {},
   "cell_type": "markdown",
   "metadata": {},
   "source": [
    "Initial setup:"
   ]
  },
  {
   "cell_type": "code",
   "execution_count": null,
   "metadata": {},
   "outputs": [],
   "source": [
    "%pip install --upgrade pip -q\n",
    "%pip install pandas -q\n",
    "%pip install numpy -q \n",
    "%pip install matplotlib -q"
   ]
  },
  {
   "cell_type": "code",
   "execution_count": 3,
   "metadata": {},
   "outputs": [],
   "source": [
    "import pandas as pd\n",
    "import numpy as np\n",
    "import matplotlib.pyplot as plt\n",
    "import math"
   ]
  },
  {
   "attachments": {},
   "cell_type": "markdown",
   "metadata": {},
   "source": [
    "## Part 1"
   ]
  },
  {
   "attachments": {},
   "cell_type": "markdown",
   "metadata": {},
   "source": [
    "### In a well-written paragraph, answer the following questions about the data:"
   ]
  },
  {
   "attachments": {},
   "cell_type": "markdown",
   "metadata": {},
   "source": [
    "What was the data used for? </br>\n",
    "**This data was used in a paper about multi-attribute decision making (Neural nets, trees, etc.) (8th Intl Workshop on Expert\n",
    "   Systems and their Applications, Avignon, France. pages 59-78, 1988).** </br>\n",
    "**It was also used for, \"the evaluation\n",
    "   of HINT (Hierarchy INduction Tool)\" (B. Zupan, M. Bohanec, I. Bratko, J. Demsar: Machine learning by\n",
    "   function decomposition. ICML-97, Nashville, TN. 1997).**"
   ]
  },
  {
   "attachments": {},
   "cell_type": "markdown",
   "metadata": {},
   "source": [
    "Who (or what organization) uploaded the data?</br>\n",
    "**Marko Bohanec and Blaz Zupan, June 1997**\n"
   ]
  },
  {
   "attachments": {},
   "cell_type": "markdown",
   "metadata": {},
   "source": [
    "How many attributes and how many entities are represented in the data? </br>\n",
    "**6 Attributes officially; for our purposes, 7, because of the 'class' attribute.** </br>\n",
    "**The dataset has 1728 instances.**\n"
   ]
  },
  {
   "attachments": {},
   "cell_type": "markdown",
   "metadata": {},
   "source": [
    "How many numerical attributes? </br>\n",
    "**2**\n"
   ]
  },
  {
   "attachments": {},
   "cell_type": "markdown",
   "metadata": {},
   "source": [
    "How many categorical attributes? </br>\n",
    "**5**\n"
   ]
  },
  {
   "attachments": {},
   "cell_type": "markdown",
   "metadata": {},
   "source": [
    "Would you suggest that each categorical attribute be label-encoded or one-hot-\n",
    "encoded? Why? </br>\n",
    "**All categorical variables should be label encoded, not one-hot encoded. All variables are ranked via quality - for example, the price of a car 'buying' field is given a v-high, high, med, or low value. This is perfect for label-encoding. All other categorical variables assume this pattern as well.**"
   ]
  },
  {
   "attachments": {},
   "cell_type": "markdown",
   "metadata": {},
   "source": [
    "Are there missing values in the data? If so, what proportion of the data is missing\n",
    "overall? What proportion of data is missing per attribute (you may use a plot or table to\n",
    "summarize this information)?\n",
    "</br>\n",
    "**There is no missing data.**"
   ]
  },
  {
   "attachments": {},
   "cell_type": "markdown",
   "metadata": {},
   "source": [
    "Why is this data set interesting to you?\n",
    "</br>\n",
    "**ANSWER HERE**\n"
   ]
  },
  {
   "attachments": {},
   "cell_type": "markdown",
   "metadata": {},
   "source": [
    "Of the attributes used to describe this data, which do you think are the most\n",
    "descriptive of the data and why (before doing any data analysis) ?\n",
    "</br>\n",
    "**the 'buying' and 'safety' attributes seem to be the most important. Before doing analysis, it would be probable to assume the more safe a car is, the more it would be worth. Most attributes are fairly important for a car (maintenace costs...), so the least important is likely the 'lug_boot' (trunk size) attribute, due to fields like cost and safety being much more important.**"
   ]
  },
  {
   "attachments": {},
   "cell_type": "markdown",
   "metadata": {},
   "source": [
    "## Part 2"
   ]
  },
  {
   "attachments": {},
   "cell_type": "markdown",
   "metadata": {},
   "source": [
    "Use Python to write the following functions, without using any functions with the same purpose\n",
    "in sklearn, pandas, numpy, or any other library (though you may want to use these libraries to\n",
    "check your answers):"
   ]
  },
  {
   "attachments": {},
   "cell_type": "markdown",
   "metadata": {},
   "source": [
    "A function that will compute the mean of a numerical, multidimensional data set\n",
    "input as a 2-dimensional numpy array"
   ]
  },
  {
   "cell_type": "code",
   "execution_count": 4,
   "metadata": {},
   "outputs": [],
   "source": [
    "# Input needs to be a 2d numpy array\n",
    "def get_vector_mean(arr):\n",
    "    return arr.sum(axis=0) / arr.shape[0]"
   ]
  },
  {
   "attachments": {},
   "cell_type": "markdown",
   "metadata": {},
   "source": [
    "A function that will compute the sample covariance between two attributes that are\n",
    "input as one-dimensional numpy vectors"
   ]
  },
  {
   "cell_type": "code",
   "execution_count": 5,
   "metadata": {},
   "outputs": [],
   "source": [
    "def get_cov(attr_1, attr_2):\n",
    "    attr_1_mean = float(sum(attr_1)) / len(attr_1) \n",
    "    attr_2_mean = float(sum(attr_2)) / len(attr_2) \n",
    "    sum_of = 0\n",
    "    for i in range(len(attr_1)):\n",
    "        sum_of += (float(attr_1[i]) - attr_1_mean) * (float(attr_2[i]) - attr_2_mean)\n",
    "    sum_of /= len(attr_1) - 1\n",
    "    return sum_of\n",
    "\n",
    "def get_var(arr):\n",
    "    return np.apply_along_axis(lambda x: get_cov(x, x), 0, arr)"
   ]
  },
  {
   "attachments": {},
   "cell_type": "markdown",
   "metadata": {},
   "source": [
    "A function that will compute the correlation between two attributes that are input as\n",
    "two numpy vectors."
   ]
  },
  {
   "cell_type": "code",
   "execution_count": 6,
   "metadata": {},
   "outputs": [],
   "source": [
    "def get_corr(attr_1, attr_2):\n",
    "    attr_1_mean = float(sum(attr_1)) / len(attr_1) \n",
    "    attr_2_mean = float(sum(attr_2)) / len(attr_2)\n",
    "    # find standard deviation\n",
    "    attr_1_dev = 0\n",
    "    attr_2_dev = 0\n",
    "    for i in range(len(attr_1)):\n",
    "        attr_1_dev += (attr_1[i] - attr_1_mean)**2\n",
    "        attr_2_dev += (attr_2[i] - attr_2_mean)**2\n",
    "    attr_1_dev = math.sqrt(attr_1_dev / len(attr_1))\n",
    "    attr_2_dev = math.sqrt(attr_2_dev / len(attr_2))\n",
    "\n",
    "    # standardize values\n",
    "    for i in range(len(attr_1)):\n",
    "        attr_1[i] = (attr_1[i] - attr_1_mean) / attr_1_dev\n",
    "        attr_2[i] = (attr_2[i] - attr_2_mean) / attr_2_dev\n",
    "   \n",
    "    num = 0\n",
    "    den_x = 0\n",
    "    den_y = 0\n",
    "    # calculate numerator and denominators\n",
    "    for i in range(len(attr_1)):\n",
    "        num += (float(attr_1[i]) - attr_1_mean) * (float(attr_2[i]) - attr_2_mean)\n",
    "        den_x += (float(attr_1[i]) - attr_1_mean)**2\n",
    "        den_y += (float(attr_2[i]) - attr_2_mean)**2\n",
    "    # calculate full denominator\n",
    "    den = den_x * den_y\n",
    "    return num / den"
   ]
  },
  {
   "attachments": {},
   "cell_type": "markdown",
   "metadata": {},
   "source": [
    "A function that will normalize the attributes in a two-dimensional numpy array using\n",
    "range normalization."
   ]
  },
  {
   "cell_type": "code",
   "execution_count": 7,
   "metadata": {},
   "outputs": [],
   "source": [
    "def get_range_norm(arr):\n",
    "    max_ = arr.max(0)\n",
    "    min_ = arr.min(0)\n",
    "    return (arr - min_) / (max_ - min_)"
   ]
  },
  {
   "attachments": {},
   "cell_type": "markdown",
   "metadata": {},
   "source": [
    "A function that will normalize the attributes in a two-dimensional numpy array using\n",
    "standard normalization."
   ]
  },
  {
   "cell_type": "code",
   "execution_count": 8,
   "metadata": {},
   "outputs": [],
   "source": [
    "# standard normalization is the z-score normalization\n",
    "# https://en.wikipedia.org/wiki/Normalization_(statistics)#Examples\n",
    "# https://en.wikipedia.org/wiki/Standard_score\n",
    "def get_standard_norm(arr):\n",
    "    mu = get_vector_mean(arr)\n",
    "    sigma = np.sqrt(get_var(arr))\n",
    "    return (arr - mu) / sigma"
   ]
  },
  {
   "attachments": {},
   "cell_type": "markdown",
   "metadata": {},
   "source": [
    "A function that will compute the covariance matrix of a data set.\n"
   ]
  },
  {
   "cell_type": "code",
   "execution_count": 9,
   "metadata": {},
   "outputs": [],
   "source": [
    "def get_cov_matrix(df):\n",
    "    return np.stack([np.array([get_cov(df[attr1], df[attr2]) for attr2 in df]) for attr1 in df])"
   ]
  },
  {
   "attachments": {},
   "cell_type": "markdown",
   "metadata": {},
   "source": [
    "A function that will label-encode a two-dimensional categorical data array that is\n",
    "passed in as input."
   ]
  },
  {
   "cell_type": "code",
   "execution_count": 10,
   "metadata": {},
   "outputs": [],
   "source": [
    "def label_encode(attr):\n",
    "    attr = list(attr)\n",
    "    key_list = set(attr)\n",
    "    keys = {}\n",
    "    count = 0\n",
    "    for key in key_list:\n",
    "        keys[key] = count\n",
    "        count+=1\n",
    "    for i, val in enumerate(attr):\n",
    "        attr[i] = keys[val]\n",
    "    return np.array(attr)"
   ]
  },
  {
   "attachments": {},
   "cell_type": "markdown",
   "metadata": {},
   "source": [
    "## Part 3"
   ]
  },
  {
   "attachments": {},
   "cell_type": "markdown",
   "metadata": {},
   "source": [
    "## Questions to Answer:"
   ]
  },
  {
   "cell_type": "code",
   "execution_count": 11,
   "metadata": {},
   "outputs": [
    {
     "data": {
      "text/html": [
       "<div>\n",
       "<style scoped>\n",
       "    .dataframe tbody tr th:only-of-type {\n",
       "        vertical-align: middle;\n",
       "    }\n",
       "\n",
       "    .dataframe tbody tr th {\n",
       "        vertical-align: top;\n",
       "    }\n",
       "\n",
       "    .dataframe thead th {\n",
       "        text-align: right;\n",
       "    }\n",
       "</style>\n",
       "<table border=\"1\" class=\"dataframe\">\n",
       "  <thead>\n",
       "    <tr style=\"text-align: right;\">\n",
       "      <th></th>\n",
       "      <th>fixed acidity</th>\n",
       "      <th>volatile acidity</th>\n",
       "      <th>citric acid</th>\n",
       "      <th>residual sugar</th>\n",
       "      <th>chlorides</th>\n",
       "      <th>free sulfur dioxide</th>\n",
       "      <th>total sulfur dioxide</th>\n",
       "      <th>density</th>\n",
       "      <th>pH</th>\n",
       "      <th>sulphates</th>\n",
       "      <th>alcohol</th>\n",
       "      <th>quality</th>\n",
       "    </tr>\n",
       "  </thead>\n",
       "  <tbody>\n",
       "    <tr>\n",
       "      <th>0</th>\n",
       "      <td>7.8</td>\n",
       "      <td>0.88</td>\n",
       "      <td>0.00</td>\n",
       "      <td>2.6</td>\n",
       "      <td>0.098</td>\n",
       "      <td>25.0</td>\n",
       "      <td>67.0</td>\n",
       "      <td>0.9968</td>\n",
       "      <td>3.20</td>\n",
       "      <td>0.68</td>\n",
       "      <td>9.8</td>\n",
       "      <td>2</td>\n",
       "    </tr>\n",
       "    <tr>\n",
       "      <th>1</th>\n",
       "      <td>7.8</td>\n",
       "      <td>0.76</td>\n",
       "      <td>0.04</td>\n",
       "      <td>2.3</td>\n",
       "      <td>0.092</td>\n",
       "      <td>15.0</td>\n",
       "      <td>54.0</td>\n",
       "      <td>0.9970</td>\n",
       "      <td>3.26</td>\n",
       "      <td>0.65</td>\n",
       "      <td>9.8</td>\n",
       "      <td>2</td>\n",
       "    </tr>\n",
       "    <tr>\n",
       "      <th>2</th>\n",
       "      <td>11.2</td>\n",
       "      <td>0.28</td>\n",
       "      <td>0.56</td>\n",
       "      <td>1.9</td>\n",
       "      <td>0.075</td>\n",
       "      <td>17.0</td>\n",
       "      <td>60.0</td>\n",
       "      <td>0.9980</td>\n",
       "      <td>3.16</td>\n",
       "      <td>0.58</td>\n",
       "      <td>9.8</td>\n",
       "      <td>3</td>\n",
       "    </tr>\n",
       "    <tr>\n",
       "      <th>3</th>\n",
       "      <td>7.4</td>\n",
       "      <td>0.70</td>\n",
       "      <td>0.00</td>\n",
       "      <td>1.9</td>\n",
       "      <td>0.076</td>\n",
       "      <td>11.0</td>\n",
       "      <td>34.0</td>\n",
       "      <td>0.9978</td>\n",
       "      <td>3.51</td>\n",
       "      <td>0.56</td>\n",
       "      <td>9.4</td>\n",
       "      <td>2</td>\n",
       "    </tr>\n",
       "    <tr>\n",
       "      <th>4</th>\n",
       "      <td>7.4</td>\n",
       "      <td>0.66</td>\n",
       "      <td>0.00</td>\n",
       "      <td>1.8</td>\n",
       "      <td>0.075</td>\n",
       "      <td>13.0</td>\n",
       "      <td>40.0</td>\n",
       "      <td>0.9978</td>\n",
       "      <td>3.51</td>\n",
       "      <td>0.56</td>\n",
       "      <td>9.4</td>\n",
       "      <td>2</td>\n",
       "    </tr>\n",
       "  </tbody>\n",
       "</table>\n",
       "</div>"
      ],
      "text/plain": [
       "   fixed acidity  volatile acidity  citric acid  residual sugar  chlorides  \\\n",
       "0            7.8              0.88         0.00             2.6      0.098   \n",
       "1            7.8              0.76         0.04             2.3      0.092   \n",
       "2           11.2              0.28         0.56             1.9      0.075   \n",
       "3            7.4              0.70         0.00             1.9      0.076   \n",
       "4            7.4              0.66         0.00             1.8      0.075   \n",
       "\n",
       "   free sulfur dioxide  total sulfur dioxide  density    pH  sulphates  \\\n",
       "0                 25.0                  67.0   0.9968  3.20       0.68   \n",
       "1                 15.0                  54.0   0.9970  3.26       0.65   \n",
       "2                 17.0                  60.0   0.9980  3.16       0.58   \n",
       "3                 11.0                  34.0   0.9978  3.51       0.56   \n",
       "4                 13.0                  40.0   0.9978  3.51       0.56   \n",
       "\n",
       "   alcohol  quality  \n",
       "0      9.8        2  \n",
       "1      9.8        2  \n",
       "2      9.8        3  \n",
       "3      9.4        2  \n",
       "4      9.4        2  "
      ]
     },
     "execution_count": 11,
     "metadata": {},
     "output_type": "execute_result"
    }
   ],
   "source": [
    "df_orig = pd.read_csv('wines_red.csv', sep=\";\")\n",
    "df_orig.columns = ['fixed acidity', 'volatile acidity', 'citric acid', 'residual sugar', 'chlorides', 'free sulfur dioxide', 'total sulfur dioxide','density', 'pH', 'sulphates', 'alcohol', 'quality']\n",
    "\n",
    "df_orig['quality'] = label_encode(df_orig['quality'])\n",
    "df_orig.head()"
   ]
  },
  {
   "attachments": {},
   "cell_type": "markdown",
   "metadata": {},
   "source": [
    "What is the multivariate mean of the numerical data matrix (where categorical data\n",
    "have been converted to numerical values)?"
   ]
  },
  {
   "cell_type": "code",
   "execution_count": 12,
   "metadata": {},
   "outputs": [
    {
     "data": {
      "text/plain": [
       "array([ 8.32021277,  0.52771277,  0.27114518,  2.53920526,  0.08747372,\n",
       "       15.87797247, 46.47559449,  0.99674602,  3.31098874,  0.65821026,\n",
       "       10.42362328,  2.63642053])"
      ]
     },
     "execution_count": 12,
     "metadata": {},
     "output_type": "execute_result"
    }
   ],
   "source": [
    "df_copy = df_orig.copy()\n",
    "get_vector_mean(df_copy.to_numpy())"
   ]
  },
  {
   "attachments": {},
   "cell_type": "markdown",
   "metadata": {},
   "source": [
    "What is the covariance matrix of the numerical data matrix (where categorical data\n",
    "have been converted to numerical values)?"
   ]
  },
  {
   "cell_type": "code",
   "execution_count": 13,
   "metadata": {},
   "outputs": [
    {
     "data": {
      "text/plain": [
       "array([[ 3.03278468e+00, -7.98022056e-02,  2.27806519e-01,\n",
       "         2.81564603e-01,  7.67689351e-03, -2.80548435e+00,\n",
       "        -6.49358904e+00,  2.19720511e-03, -1.83586059e-01,\n",
       "         5.39873566e-02, -1.15082258e-01,  1.74166322e-01],\n",
       "       [-7.98022056e-02,  3.20638792e-02, -1.92544548e-02,\n",
       "         5.53409651e-04,  5.18147424e-04, -1.91599941e-02,\n",
       "         4.52052785e-01,  7.33469204e-06,  6.47730985e-03,\n",
       "        -7.91580557e-03, -3.85140306e-02, -5.64426318e-02],\n",
       "       [ 2.27806519e-01, -1.92544548e-02,  3.79252375e-02,\n",
       "         3.93505037e-02,  1.86794809e-03, -1.25157602e-01,\n",
       "         2.25723019e-01,  1.34437435e-04, -1.62740197e-02,\n",
       "         1.03175174e-02,  2.26557729e-02,  3.55262057e-02],\n",
       "       [ 2.81564603e-01,  5.53409651e-04,  3.93505037e-02,\n",
       "         1.98888622e+00,  3.68789707e-03,  2.75838762e+00,\n",
       "         9.41734753e+00,  9.46424449e-04, -1.85763584e-02,\n",
       "         1.28248405e-03,  6.28490930e-02,  1.53902655e-02],\n",
       "       [ 7.67689351e-03,  5.18147424e-04,  1.86794809e-03,\n",
       "         3.68789707e-03,  2.21644734e-03,  2.70499364e-03,\n",
       "         7.33431277e-02,  1.78404839e-05, -1.92552190e-03,\n",
       "         2.96302745e-03, -1.11058127e-02, -4.90718243e-03],\n",
       "       [-2.80548435e+00, -1.91599941e-02, -1.25157602e-01,\n",
       "         2.75838762e+00,  2.70499364e-03,  1.09468506e+02,\n",
       "         2.29843294e+02, -4.30304380e-04,  1.14331749e-01,\n",
       "         9.13500321e-02, -7.77307531e-01, -4.30117719e-01],\n",
       "       [-6.49358904e+00,  4.52052785e-01,  2.25723019e-01,\n",
       "         9.41734753e+00,  7.33431277e-02,  2.29843294e+02,\n",
       "         1.08268256e+03,  4.43572622e-03, -3.36356568e-01,\n",
       "         2.38854227e-01, -7.22180361e+00, -4.92528466e+00],\n",
       "       [ 2.19720511e-03,  7.33469204e-06,  1.34437435e-04,\n",
       "         9.46424449e-04,  1.78404839e-05, -4.30304380e-04,\n",
       "         4.43572622e-03,  3.56356474e-06, -9.97575527e-05,\n",
       "         4.76041436e-05, -9.97901538e-04, -2.66350886e-04],\n",
       "       [-1.83586059e-01,  6.47730985e-03, -1.62740197e-02,\n",
       "        -1.85763584e-02, -1.92552190e-03,  1.14331749e-01,\n",
       "        -3.36356568e-01, -9.97575527e-05,  2.38253211e-02,\n",
       "        -5.13717734e-03,  3.39802809e-02, -7.12307103e-03],\n",
       "       [ 5.39873566e-02, -7.91580557e-03,  1.03175174e-02,\n",
       "         1.28248405e-03,  2.96302745e-03,  9.13500321e-02,\n",
       "         2.38854227e-01,  4.76041436e-05, -5.13717734e-03,\n",
       "         2.87445719e-02,  1.68544537e-02,  3.43958439e-02],\n",
       "       [-1.15082258e-01, -3.85140306e-02,  2.26557729e-02,\n",
       "         6.28490930e-02, -1.11058127e-02, -7.77307531e-01,\n",
       "        -7.22180361e+00, -9.97901538e-04,  3.39802809e-02,\n",
       "         1.68544537e-02,  1.13570281e+00,  4.09637941e-01],\n",
       "       [ 1.74166322e-01, -5.64426318e-02,  3.55262057e-02,\n",
       "         1.53902655e-02, -4.90718243e-03, -4.30117719e-01,\n",
       "        -4.92528466e+00, -2.66350886e-04, -7.12307103e-03,\n",
       "         3.43958439e-02,  4.09637941e-01,  6.52323310e-01]])"
      ]
     },
     "execution_count": 13,
     "metadata": {},
     "output_type": "execute_result"
    }
   ],
   "source": [
    "df_copy2 = df_orig.copy()\n",
    "get_cov_matrix(df_copy2)"
   ]
  },
  {
   "attachments": {},
   "cell_type": "markdown",
   "metadata": {},
   "source": [
    "Choose 5 pairs of attributes that you think could be related. Create scatter plots of\n",
    "all 5 pairs and include these in your report, along with a description and analysis that\n",
    "summarizes why these pairs of attributes might be related, and how the scatter plots do or\n",
    "do not support this intuition."
   ]
  },
  {
   "cell_type": "code",
   "execution_count": null,
   "metadata": {},
   "outputs": [],
   "source": []
  },
  {
   "attachments": {},
   "cell_type": "markdown",
   "metadata": {},
   "source": [
    "Which range-normalized numerical attributes have the greatest sample covariance?"
   ]
  },
  {
   "cell_type": "code",
   "execution_count": 14,
   "metadata": {},
   "outputs": [
    {
     "data": {
      "text/plain": [
       "('fixed acidity', 'citric acid')"
      ]
     },
     "execution_count": 14,
     "metadata": {},
     "output_type": "execute_result"
    }
   ],
   "source": [
    "df_range_normalized = pd.DataFrame(get_range_norm(df_orig.to_numpy()), columns=df_orig.columns)\n",
    "covar_matrix = get_cov_matrix(df_range_normalized)\n",
    "\n",
    "# set diagonals to -inf so we only get max of off-diagonals\n",
    "np.fill_diagonal(covar_matrix, -math.inf)\n",
    "\n",
    "# take the flat index to the array,\n",
    "# get the indicies for each attribute,\n",
    "# then return the labels for each attribute\n",
    "covar_flat_idx = covar_matrix.argmax()\n",
    "covar_shape_idx = np.unravel_index(covar_flat_idx, df_range_normalized.shape)\n",
    "[covar_label1, covar_label2] = [df_range_normalized.columns[i] for i in covar_shape_idx]\n",
    "covar_label1, covar_label2"
   ]
  },
  {
   "attachments": {},
   "cell_type": "markdown",
   "metadata": {},
   "source": [
    "What is their sample covariance? Create a scatter plot of these range-normalized attributes."
   ]
  },
  {
   "cell_type": "code",
   "execution_count": 15,
   "metadata": {},
   "outputs": [
    {
     "data": {
      "text/plain": [
       "0.020159868926709814"
      ]
     },
     "execution_count": 15,
     "metadata": {},
     "output_type": "execute_result"
    }
   ],
   "source": [
    "covar_matrix[covar_shape_idx]"
   ]
  },
  {
   "cell_type": "code",
   "execution_count": 16,
   "metadata": {},
   "outputs": [
    {
     "data": {
      "text/plain": [
       "<matplotlib.collections.PathCollection at 0x244041693c0>"
      ]
     },
     "execution_count": 16,
     "metadata": {},
     "output_type": "execute_result"
    },
    {
     "data": {
